8.047189562170502 0.0001251697540283203
10.75055681536833 0.0003335873285929362
13.621371043387192 0.00046702226003011066
16.635532333438686 0.0006940718050356265
19.775021196025975 0.0009203433990478515
23.02585092994046 0.0006795978546142578
59.914645471079815 0.0019523143768310548
102.03592144986466 0.006039667129516602
147.55517816455745 0.0072500348091125485
195.6011502714073 0.01718790190560477
245.66067373332604 0.026709389686584473
297.39466694345515 0.030906987190246583
350.5621307739105 0.04084910154342651
404.9828703297238 0.05323693752288818
460.51701859880916 0.06813800902593703
517.0528402371658 0.07550106048583985
574.4990091338454 0.10929128101893834
632.7794785592257 0.1323870301246643
691.8299391653026 0.14959874153137206
751.5952941144383 0.17680227756500244
812.0278104374122 0.20894817113876343
873.0857342985446 0.22366803884506226
934.7322331602379 0.2762492775917053
996.9345737104924 0.30419689416885376
1059.6634733096073 0.3571550726890564
1122.8925814506683 0.3728013277053833
1186.5980601975195 0.4169328212738037